131495
132359
132359
185349
185561
185561
185561
173495
255991
312579
342155
342597
324865
133479
350763
330241
301523
338269
133945
321545
133443
326111
285489
300295
289271
338409
268511
301905
321787
246805
174023
185521
185561
185561
185561
42189
131495
132359
132359
456909
478765
132561
421017
451859
478441
398611
445649
132561
421115
476167
416913
431125
421105
470255
400857
433751
454141
431125
134627
429911
474509
460035
405337
433365
400683
433751
454141
406545
453903
402705
134493
404991
401233
454047
413005
475303
470151
482793
429419
398611
460035
405337
433365
134463
470255
480519
433393
417393
474913
478347
135065
433365
470067
470045
192153
132359
428867
470107
134493
470045
134493
445453
458297
447761
453903
135065
483075
445475
408733
478235
457887
474597
476167
400789
44627
470045
134493
483075
134981
482793
134981
498999
460035
457801
445973
134493
429945
134633
401279
478435
476167
134633
400857
416959
447761
454141
499039
402705
135065
417365
445649
454047
134521
478441
416913
134951
417299
462317
416983
427285
490731
476167
44287
400857
416959
414743
462743
457939
433727
417393
134957
478235
427285
450047
191581
132359
411935
474449
418837
470255
472321
409177
134529
462111
417299
470045
418837
417335
483081
453961
446035
135065
454047
460035
470045
449805
445597
478347
470045
44687
400857
400749
433829
417011
134957
453903
134487
417011
474989
401175
417299
474913
132597
345365
433299
134957
433365
478765
431125
134957
470533
474459
453961
417365
134487
458321
472321
457877
135019
429911
134493
400851
425781
134493
482787
404955
470107
455699
44133
445973
408589
474459
476167
400789
134981
454047
457831
450353
478235
457887
134627
453903
134487
400857
417365
433717
445453
134957
400683
134627
416805
460035
470601
429357
474397
413005
418837
458291
191693
132359
300295
134981
445453
458297
430261
408821
482759
416839
134957
433249
417335
458367
442167
134957
457771
462281
453903
416923
134957
453903
134487
429911
134493
433365
416959
42211
41137
325933
329935
321545
134029
268529
285147
267265
280821
267265
280641
285489
342573
132359
132359
132359
132359
132359
132359
132359
357655
268435
133969
325933
329935
321545
134029
285499
313815
43567
247505
247505
247505
247505
247505
247505
247505
247505
247505
247505
247505
247505
132359
132359
132359
132359
132359
132359
132359
246805
247505
247505
247505
247505
247505
247505
247505
247505
42709
288007
314207
133587
350237
326487
275715
190717
300295
276979
132597
132359
132359
132359
132359
132359
132359
132359
132359
132359
132359
362841
314131
342249
354447
133449
285489
301355
285461
183099
131495
190999
190717
271363
362989
202007
231315
132895
132359
132359
132359
132359
132359
132359
132359
132359
132359
132359
132359
132359
328721
329753
338269
345365
272991
321689
43131
316419
338767
338291
285003
272957
338409
182783
345365
43233
209941
202605
210473
41137
349205
313843
317595
346509
280651
132359
132359
132359
132359
132359
132359
132359
132359
132359
132359
132359
132359
132359
132359
132359
297003
317517
276891
313611
133945
321545
133443
350325
285499
131495
325927
134023
210445
231275
341199
43233
295943
338269
301529
346923
321787
132561
338409
292937
321787
131495
227225
210583
42643
131495
317451
338269
276891
321545
288007
338315
358745
338409
342191
320513
358745
133945
132359
132359
132359
132359
132359
132359
132359
288007
338315
358745
338409
342191
320513
358745
133945
268511
268395
301987
285173
357655
346509
43139
341011
133939
325927
134023
198187
132359
132359
132359
132359
132359
132359
132359
132359
132359
132359
132359
132359
132359
132359
132359
326463
338767
284969
133945
321545
133443
285523
297003
301559
350735
342109
131495
301379
293111
268511
162033
133945
285029
338727
183183
328721
321615
342243
314249
268915
301559
133391
231177
206633
42643
131495
268327
322101
346459
133969
321689
285523
322101
346397
326041
268529
133587
321689
190507
132359
132359
132359
132359
132359
132359
271363
358893
183099
275715
326453
342573
325927
342635
132561
338203
297003
338269
134029
268511
285523
301875
313611
183099
131495
206605
132953
350753
321777
313677
133945
346923
285489
346459
132359
132359
132359
132359
132359
132359
132359
132359
132359
132359
267265
338315
337171
289183
285137
43567
328721
325107
132597
325927
134023
206627
42593
328721
338409
133969
350343
326453
182773
316419
276891
301461
268395
133623
231237
222723
42499
131495
338239
342249
318013
321545
267265
338315
291847
322141
133945
132359
132359
132359
132359
132359
132359
132359
132359
132359
132359
267265
338315
291847
322141
43567
328721
325107
132597
325927
134023
206627
206749
42603
337171
276985
285079
346923
338269
132561
285173
134015
326539
309809
131495
214795
235105
42535
131495
191027
267265
313815
321615
132359
132359
132359
132359
132359
132359
132359
132359
132359
132359
132359
132359
132359
132359
132359
328721
326453
285029
342573
326041
268529
133587
301415
285489
326521
309809
133945
325933
342243
338757
277343
301905
321787
131495
190999
190717
271363
362989
202007
222789
132359
132359
132359
132359
132359
132359
132359
132359
132359
132359
132359
132359
132359
271363
326139
342191
156929
288007
338409
350411
268501
43567
357655
313755
326101
134015
338297
354541
182603
328721
133391
235017
235011
42499
131495
305627
279557
342155
338757
272539
346953
321689
133485
132359
132359
132359
132359
132359
132359
132359
132359
132359
132359
132359
288007
338315
358745
338409
342191
288007
338409
350411
268501
43567
328721
325107
132597
325927
134023
198159
231247
42575
365591
309261
317595
182541
268921
132359
234513
235155
235011
41137
283909
285573
350265
301905
285559
328721
326453
285523
346425
326041
133623
338691
280831
277343
342597
300295
276979
132597
132359
132359
285523
338203
291847
342043
291847
285489
268529
284993
183099
131495
202539
132983
268333
301523
325985
322101
268441
267265
285559
132597
132359
132359
132359
132359
132359
132359
132359
132359
132359
328721
326453
285523
346425
326041
133623
284993
301941
284969
43567
337171
321615
182783
320513
354393
280589
43033
230673
218779
235011
41137
131495
325933
329935
321545
134029
268529
285147
267265
280821
267265
280641
285489
342573
132359
132359
132359
132359
132359
132359
132359
357655
268435
133969
325933
329935
321545
134029
285499
313815
43567
246805
247505
247505
247505
247505
247505
247505
247505
247505
247505
247505
247505
133059
132359
132359
132359
132359
132359
132359
132359
247505
247505
247505
247505
247505
247505
247505
247505
247505
131495
268327
292931
338269
288007
338315
358745
338409
342191
275715
190717
300295
276979
132597
132359
132359
132359
132359
132359
132359
275715
268501
342573
140293
141347
267265
280821
140293
141353
288007
338315
358745
338409
342191
132359
325927
134023
214795
202569
131495
268471
285173
354857
313755
285137
132561
301951
277309
321787
301881
43233
218131
218671
227141
41137
320513
358745
283909
293111
268501
280821
288007
338315
358745
338409
342191
275715
190717
300295
276979
132597
132359
132359
132359
132359
313647
342043
133945
275751
132387
301415
285489
326521
309809
133945
328721
325107
132597
325927
134023
218671
214785
131495
346923
317451
325985
281137
132561
325933
321777
276813
301905
350265
346947
131495
222723
235011
42575
131495
268853
321689
325927
134015
338757
301327
133587
132359
132359
132359
132359
132359
132359
132359
132359
132359
132359
132359
132359
275715
268501
342573
140293
141353
288007
338315
358745
338409
342191
132359
325927
134023
231247
42505
283909
292931
317517
321787
183123
328721
321615
342243
314249
268915
301559
133391
235017
206599
42643
131495
346923
321787
321689
346495
321787
288007
338315
358745
338409
342191
300295
276979
132597
132359
132359
132359
132359
132359
132359
275715
268501
342573
140293
141353
267265
280821
140293
141347
288007
338315
358745
338409
342191
132359
198211
198159
320513
358745
131495
301951
342215
366681
271363
366623
349205
206311
132953
326453
280589
131495
268853
301847
133443
301875
285559
183089
316419
276891
301461
268395
133623
235077
227219
42643
131495
301951
280821
134029
301355
367169
288007
338315
358745
338409
342191
300295
276979
132597
132359
132359
132359
132359
132359
132359
275715
268501
342573
140293
141353
267265
280821
140293
141347
288007
338315
358745
338409
342191
131495
190999
190717
271363
362989
202007
132895
132359
132359
132359
132359
132359
132359
132359
132359
132359
132359
132359
132359
132359
164865
325995
280831
328721
301875
284969
137785
42123
337171
276985
285079
346923
338269
132561
321689
301379
321545
133391
222789
227225
42575
270499
326139
342191
245941
247505
247505
344501
285079
267265
268529
277303
301461
346923
275715
326139
272575
326139
133563
301471
300507
134005
132359
132359
132359
132359
164865
433299
429419
499141
406545
470157
482623
400851
417365
171345
41137
297553
133449
317595
338691
354541
342155
280651
316419
322141
346509
326041
342243
316419
321545
268893
133587
132359
164865
457831
450353
446041
474397
488453
470255
183725
402705
478799
460035
478799
447761
441611
470107
398611
134981
433717
442173
42123
315555
313755
346509
338203
134029
362841
314131
342249
354447
342109
41137
131495
132359
490067
134633
400857
482787
445453
134957
421115
431125
478435
470107
474459
241233
132359
481603
458263
478435
134957
271399
400851
478765
470107
472425
295943
453903
404801
457981
142509
132561
134427
206163
132885
400857
482787
445453
447761
433161
445685
44687
474953
420943
446041
418837
470255
467969
408831
134575
453903
134487
417341
474509
457945
470143
462111
433299
134463
462317
470107
478235
457887
474597
132597
267265
446035
474397
472425
140293
457219
413563
470107
316419
453903
401243
142533
455699
44593
316455
453903
401243
134599
421115
337171
408831
134575
444471
474397
433751
425457
132387
300439
418837
470255
416873
134981
429911
134493
433751
446035
183647
431125
163395
134957
454047
476167
416913
455699
420961
408733
171355
132597
345365
433299
134957
474509
398611
147619
198247
402705
457981
183725
488453
445515
134599
458367
478759
134529
429911
134493
400683
429887
132561
416839
445453
454047
134521
433785
429911
476167
416913
398611
457761
417393
476167
458367
476167
462317
408733
184111
460035
482759
44603
416839
457945
433365
433751
454141
184111
398611
413171
451859
454141
464095
401243
470561
135065
445475
474397
433751
425457
42211
131495
132359
132359
132359
132359
132359
132359
132359
132359
132359
132359
132359
132359
132359
132359
132359
132359
132359
132359
132359
132359
132359
132359
132359
132359
131495
132359
132359
132359
132359
132359
132359
132359
132359
132359
132359
132359
132359
132359
132359
132359
132359
132359
132359
132359
132359
132359
132359
132359
42001
132359
132359
132359
132359
132359
132359
132359
132359
132359
132359
132359
132359
132359
132359
132359
132359
132359
132359
132359
132359
132359
132359
132359
132359
185349
133065
493643
413177
474953
251157
42189
